#이름 3타 A조 B조 C조 2타 A조 B조 C조 순서 선호근무 입력 사이사이는 tab키로 하면 깔끔
#분대원 수 적어주시고 분대표 순서대로 적어주시기 바랍니다.
5
김호송  6,4,8    8,12,4    10,6,22   6,8     8,4   2,22
김수현  6,4,8    8,12,2    10,2,6    4,8     8,2   10,2
고동욱  6,4,8    8,12,4    2,6,22    6,8     8,4   2,22
이민혁  6,4,8    8,12,2    10,2,6    6,4     8,2   10,2
김건웅  6,8,12   8,12,2    10,6,22   6,8     12,2  6,22
5
한종수  6,4,8    8,12,2    10,2,6    6,8     8,2   10,6
김주환  6,4,8    8,12,4    10,2,6    6,4     8,4   10,2
하석준  6,8,12   8,12,4    2,6,22    6,8     12,4  2,22
이정찬  6,4,8    8,12,2    10,2,6    6,4     8,2   6,22
연상헌  6,4,8    8,12,2    10,2,6    6,4     8,2   10,2
6
유재열  6,4,8    8,12,2    10,2,22   6,8     8,2   10,22
박준규  6,4,8    8,12,2    10,2,6    6,4     8,2   10,2
안창원  6,8,12   8,12,4    2,6,22    8,12   12,2   2,22
이기훈  6,4,8    8,12,2    10,2,6    6,4     8,2   10,2
이승빈  6,4,8    8,12,2    10,2,6    6,4     8,2   10,2
이유준  6,4,8    8,12,2    10,2,6    6,4     8,2   10,2
5
유준상  6,4,8    8,12,2    10,2,6    6,4     12,2  10,2
전명재  6,4,8    8,12,2    10,2,6    6,4     8,2   10,2
김홍익  6,4,8    8,12,2    10,2,6    4,8     8,2   10,2
최정우  6,4,8    8,12,2    10,2,22   6,8     12,2  10,2
최의현  6,4,8    8,12,2    10,2,22   6,8     8,2   6,22
------------------------------------------------------------------------------#실선삭제금지
#근무타수 수정 입니다
#정출, 별정, 별후, 서남문 순서
#예시(A조 6시[정출,별정,별후,서남문], 4시[정출,별정,별후,서남문]...)
A조타수 2,2,2,1  5,3,2,1  3,2,2,1  2,2,1,1 
B조타수 5,3,2,1  5,3,2,1  2,2,1,1  2,2,1,1
C조타수 5,3,2,1  5,3,2,1  5,3,2,1  2,2,1,1
A조주말타수 2,2,1,1  3,2,2,1  2,2,2,1  2,2,1,1
B조주말타수 3,2,2,1  3,2,2,1  2,2,1,1  2,2,1,1
C조주말타수 3,2,2,1  3,2,2,1  2,2,2,1  2,2,1,1